uiopen('C:\Users\cho64_000\Dropbox\Neural Net\NNProj_2\runRBF.m',1)
runRBF
<a href="matlab: opentoline('C:\Users\cho64_000\Dropbox\Neural Net\NNProj_2\trainRBFNet.m',12,1)">12  </a>for i=1:epoch
x_p

x_p =

    0.6294
    0.8116
   -0.7460
    0.8268
    0.2647
   -0.8049
   -0.4430
    0.0938
    0.9150
    0.9298
   -0.6848
    0.9412
    0.9143
   -0.0292
    0.6006
   -0.7162
   -0.1565
    0.8315
    0.5844
    0.9190
    0.3115
   -0.9286
    0.6983
    0.8680
    0.3575
    0.5155
    0.4863
   -0.2155
    0.3110
   -0.6576
    0.4121
   -0.9363
   -0.4462
   -0.9077
   -0.8057
    0.6469
    0.3897
   -0.3658
    0.9004
   -0.9311
   -0.1225
   -0.2369
    0.5310
    0.5904
   -0.6263
   -0.0205
   -0.1088
    0.2926
    0.4187
    0.5094
   -0.4479
    0.3594
    0.3102
   -0.6748
   -0.7620
   -0.0033
    0.9195
   -0.3192
    0.1705
   -0.5524
    0.5025
   -0.4898
    0.0119
    0.3982
    0.7818
    0.9186
    0.0944
   -0.7228
   -0.7014
   -0.4850
    0.6814
   -0.4914
    0.6286
   -0.5130
    0.8585

x_p .* pi

ans =

    1.9775
    2.5497
   -2.3437
    2.5973
    0.8316
   -2.5287
   -1.3917
    0.2946
    2.8746
    2.9210
   -2.1513
    2.9568
    2.8725
   -0.0919
    1.8867
   -2.2501
   -0.4916
    2.6121
    1.8360
    2.8871
    0.9785
   -2.9172
    2.1936
    2.7269
    1.1230
    1.6194
    1.5276
   -0.6772
    0.9769
   -2.0660
    1.2946
   -2.9416
   -1.4016
   -2.8515
   -2.5313
    2.0323
    1.2241
   -1.1492
    2.8288
   -2.9252
   -0.3849
   -0.7442
    1.6683
    1.8548
   -1.9674
   -0.0643
   -0.3419
    0.9193
    1.3155
    1.6002
   -1.4073
    1.1291
    0.9745
   -2.1199
   -2.3939
   -0.0103
    2.8887
   -1.0029
    0.5358
   -1.7353
    1.5788
   -1.5388
    0.0374
    1.2508
    2.4561
    2.8858
    0.2967
   -2.2706
   -2.2036
   -1.5236
    2.1408
   -1.5439
    1.9747
   -1.6115
    2.6971

d_p

d_p =

    0.2094
    0.1296
    0.8999
    0.1456
    0.8983
    0.8764
    0.3598
    0.7223
    0.2964
    0.3292
    0.8669
    0.3555
    0.2949
    0.4269
    0.2637
    0.8910
    0.1671
    0.1513
    0.2977
    0.3051
    0.8705
    0.6735
    0.1210
    0.2050
    0.8122
    0.4612
    0.5345
    0.1093
    0.8710
    0.8345
    0.7099
    0.6558
    0.3672
    0.7193
    0.8757
    0.1810
    0.7556
    0.2013
    0.2658
    0.6678
    0.2216
    0.1014
    0.4225
    0.2848
    0.7851
    0.4487
    0.2473
    0.8857
    0.6955
    0.4765
    0.3715
    0.8092
    0.8717
    0.8561
    0.8989
    0.4918
    0.3062
    0.1372
    0.8512
    0.6293
    0.4936
    0.4744
    0.5299
    0.7389
    0.1080
    0.3042
    0.7236
    0.8942
    0.8815
    0.4623
    0.1365
    0.4785
    0.2109
    0.5325
    0.1894

if system_dependent('IsDebugMode')==1, dbquit; end
d_p
{Undefined function or variable 'd_p'.
} 
runRBF
<a href="matlab: opentoline('C:\Users\cho64_000\Dropbox\Neural Net\NNProj_2\trainRBFNet.m',14,1)">14  </a>for i=1:epoch
d_p

d_p =

    0.6323
    0.4224
    0.1122
    0.0394
    0.8353
    0.1549
    0.3919
    0.7716
    0.6101
    0.2964
    0.5031
    0.8506
    0.2399
    0.5641
    0.6831
    0.5623
    0.4905
    0.2991
    0.8137
    0.2630
    0.3503
    0.8410
    0.1662
    0.8086
    0.2422
    0.8388
    0.7945
    0.8671
    0.1118
    0.5188
    0.8369
    0.3513
    0.5487
    0.8561
    0.1526
    0.5046
    0.4793
    0.8334
    0.4994
    0.6250
    0.2990
    0.6705
    0.2506
    0.8605
    0.7182
    0.8053
    0.0278
    0.9745
    0.8695
    0.3749
    0.6464
    0.2550
    0.9769
    0.1817
    0.4554
    0.6769
    0.7004
    0.8746
    0.7722
    0.2367
    0.0488
    0.7766
    0.2629
    0.6416
    0.5876
    0.2390
    0.5274
    0.8793
    0.1384
    0.5194
    0.0553
    0.3451
    0.2348
    0.5196
    0.7603

x_p

x_p =

   -0.5831
   -0.0366
   -0.1589
    0.7184
   -0.6577
   -0.3223
   -0.4589
    0.3821
   -0.5592
    0.6239
   -0.9789
    0.1224
    0.6275
    0.4902
   -0.6218
   -0.9877
    0.5441
    0.9157
    0.4039
   -0.4048
    0.5360
    0.3764
   -0.2256
    0.2304
   -0.1449
    0.1686
    0.4053
   -0.7762
    0.8465
    0.9778
    0.3548
    0.5903
   -0.9418
   -0.6445
    0.7499
    0.4899
    0.0162
   -0.7433
   -0.0314
    0.0315
   -0.3775
   -0.9087
   -0.1246
   -0.8082
   -0.9096
    0.3697
    0.6984
   -0.7496
   -0.7419
   -0.0539
   -0.6049
    0.5632
    0.2148
   -0.1130
    0.9641
    0.4179
   -0.5625
   -0.6650
    0.0775
   -0.3732
    0.8231
   -0.8275
   -0.3719
   -0.5617
    0.4733
    0.6571
    0.4891
   -0.6449
    0.7169
   -0.9890
   -0.2847
    0.9063
    0.8836
   -0.9539
    0.3460

u_p

u_p =

   -0.0672
    0.0136
   -0.0516
   -0.0684
    0.0007
    0.0144
   -0.0060
    0.0016
   -0.0352
    0.0773
   -0.0496
    0.0724
    0.0270
    0.0394
   -0.0939
    0.0315
    0.0999
    0.0013
    0.0865
   -0.0118
   -0.0600
    0.0608
    0.0615
   -0.0884
    0.0581
   -0.0100
    0.0702
   -0.0275
   -0.0595
    0.0744
    0.0205
    0.0664
   -0.0943
    0.0409
    0.0526
   -0.0208
   -0.0613
   -0.0662
    0.0779
    0.0462
    0.0774
   -0.0466
    0.0328
   -0.0130
    0.0029
    0.0131
   -0.0931
    0.0745
   -0.0300
    0.0078
   -0.0985
   -0.0902
    0.0867
   -0.0576
    0.0450
   -0.0204
    0.0472
    0.0302
    0.0850
    0.0228
   -0.0926
   -0.0769
    0.0513
   -0.0096
    0.0209
    0.0727
    0.0001
    0.0634
    0.0298
   -0.0083
   -0.0542
    0.0672
    0.0021
   -0.0947
   -0.0691

d_p

d_p =

    0.6323
    0.4224
    0.1122
    0.0394
    0.8353
    0.1549
    0.3919
    0.7716
    0.6101
    0.2964
    0.5031
    0.8506
    0.2399
    0.5641
    0.6831
    0.5623
    0.4905
    0.2991
    0.8137
    0.2630
    0.3503
    0.8410
    0.1662
    0.8086
    0.2422
    0.8388
    0.7945
    0.8671
    0.1118
    0.5188
    0.8369
    0.3513
    0.5487
    0.8561
    0.1526
    0.5046
    0.4793
    0.8334
    0.4994
    0.6250
    0.2990
    0.6705
    0.2506
    0.8605
    0.7182
    0.8053
    0.0278
    0.9745
    0.8695
    0.3749
    0.6464
    0.2550
    0.9769
    0.1817
    0.4554
    0.6769
    0.7004
    0.8746
    0.7722
    0.2367
    0.0488
    0.7766
    0.2629
    0.6416
    0.5876
    0.2390
    0.5274
    0.8793
    0.1384
    0.5194
    0.0553
    0.3451
    0.2348
    0.5196
    0.7603

if system_dependent('IsDebugMode')==1, dbquit; end
uiopen('C:\Users\cho64_000\Dropbox\Class materials\2012-2014\CSE 5526\Prev_year\Homework\ECE_779_HW_2.m',1)
