V_e = [1 2 3 4; 5 6 7 8; 9 10 11 12]

V_e =

     1     2     3     4
     5     6     7     8
     9    10    11    12

V_e = [1 2 3 4 0 0 0 0 0 0 0 0; 5 6 7 8 0 0 0 0 0 0 0 0; 9 10 11 12 0 0 0 0 0 0 0 0]

V_e =

  Columns 1 through 10

     1     2     3     4     0     0     0     0     0     0
     5     6     7     8     0     0     0     0     0     0
     9    10    11    12     0     0     0     0     0     0

  Columns 11 through 12

     0     0
     0     0
     0     0

V_e = [1 2 3 4 0 0 0 0 0 0 0 0; 5 6 7 8 0 0 0 0 0 0 0 0; 9 10 11 12 0 0 0 0 0 0 0 0]

V_e =

     1     2     3     4     0     0     0     0     0     0     0     0
     5     6     7     8     0     0     0     0     0     0     0     0
     9    10    11    12     0     0     0     0     0     0     0     0

Z_w = [1 0 0; 0 1 0; 0 0 0; 0 0 0; 0 0 0; 0 0 0; 0 0 0; 0 0 0; 0 0 0; 0 0 0; 0 0 0; 0 0 0]

Z_w =

     1     0     0
     0     1     0
     0     0     0
     0     0     0
     0     0     0
     0     0     0
     0     0     0
     0     0     0
     0     0     0
     0     0     0
     0     0     0
     0     0     0

Z_w * V_e

ans =

     1     2     3     4     0     0     0     0     0     0     0     0
     5     6     7     8     0     0     0     0     0     0     0     0
     0     0     0     0     0     0     0     0     0     0     0     0
     0     0     0     0     0     0     0     0     0     0     0     0
     0     0     0     0     0     0     0     0     0     0     0     0
     0     0     0     0     0     0     0     0     0     0     0     0
     0     0     0     0     0     0     0     0     0     0     0     0
     0     0     0     0     0     0     0     0     0     0     0     0
     0     0     0     0     0     0     0     0     0     0     0     0
     0     0     0     0     0     0     0     0     0     0     0     0
     0     0     0     0     0     0     0     0     0     0     0     0
     0     0     0     0     0     0     0     0     0     0     0     0

